         8           0
         9  5.94536e-038
        10  1.98858e-025
        11  2.41987e-018
        12  8.52897e-013
        13  1.92587e-008
        14  7.03391e-005
        15   0.0409807
        16     2.29263
        17     61.1094
        18     848.649
        19     7973.88
        20     53139.1
        21      170296
        22      484772
        23  1.23929e+006
        24  2.80827e+006
        25  5.81758e+006
        26  1.09979e+007
        27  1.94928e+007
        28  3.22652e+007
        29  5.08537e+007
        30  7.518e+007
        31  9.47704e+007
        32  1.16811e+008
        33  1.42145e+008
        34  1.68886e+008
        35  1.97921e+008
        36  2.28368e+008
        37  2.6065e+008
        38  2.94363e+008
        39  3.29707e+008
        40  3.63839e+008
        41  3.83987e+008
        42  4.0366e+008
        43  4.23472e+008
        44  4.40714e+008
        45  4.56467e+008
        46  4.74971e+008
        47  4.92903e+008
        48  5.03842e+008
        49  5.1341e+008
        50  5.24587e+008
        51  5.26596e+008
        52  5.28082e+008
        53  5.28615e+008
        54  5.32562e+008
        55  5.35893e+008
        56  7.40873e+008
        57  9.5589e+008
        58  1.14832e+009
        59  1.34774e+009
        60  9.82155e+008
        61  5.91679e+008
        62  5.40908e+008
        63  4.88285e+008
        64  4.79448e+008
        65  4.68775e+008
        66  6.16266e+008
        67  7.67102e+008
        68  6.33365e+008
        69  4.92812e+008
        70  4.22762e+008
        71  3.51238e+008
        72  3.38125e+008
        73  3.23339e+008
        74  3.20735e+008
        75  3.18884e+008
        76  3.11942e+008
        77  3.03349e+008
        78  2.98568e+008
        79  2.89395e+008
        80  2.83793e+008
        81  2.71924e+008
        82  2.71256e+008
        83  2.6281e+008
        84  2.53577e+008
        85  2.44163e+008
        86  2.39502e+008
        87  2.34934e+008
        88  2.25727e+008
        89  2.16337e+008
        90  2.08991e+008
        91  2.0135e+008
        92  1.93149e+008
        93  1.84108e+008
        94  1.77005e+008
        95  1.6988e+008
        96  1.64218e+008
        97  1.58576e+008
        98  1.5143e+008
        99  1.44217e+008
       100  1.38203e+008
       101  1.31638e+008
       102  1.24104e+008
       103  1.15535e+008
       104  1.08737e+008
       105  1.02038e+008
       106  9.40941e+007
       107  8.6289e+007
       108  7.95063e+007
       109  7.22842e+007
       110  6.47739e+007
       111  5.74661e+007
       112  5.20005e+007
       113  4.69866e+007
       114  3.95216e+007
       115  3.14188e+007
       116  2.53861e+007
       117  1.91025e+007
       118  1.28947e+007
       119  5.98771e+006
       120  2.03863e+006
       121           0