6.200E+01 0.000E+00
1.240E+02 7.306E+04
1.860E+02 1.162E+06
2.480E+02 3.321E+06
3.100E+02 5.067E+06
3.720E+02 5.591E+06
4.340E+02 5.666E+06
4.960E+02 5.668E+06
5.580E+02 5.592E+06
6.200E+02 5.184E+06
6.820E+02 5.096E+06
7.440E+02 4.820E+06
8.060E+02 4.493E+06
8.680E+02 4.251E+06
9.300E+02 4.173E+06
9.920E+02 3.997E+06
1.054E+03 3.745E+06
1.116E+03 3.702E+06
1.178E+03 3.501E+06
1.240E+03 3.296E+06
1.302E+03 3.203E+06
1.364E+03 3.102E+06
1.426E+03 2.950E+06
1.488E+03 2.803E+06
1.550E+03 2.773E+06
1.612E+03 2.675E+06
1.674E+03 2.482E+06
1.736E+03 2.404E+06
1.798E+03 2.264E+06
1.860E+03 2.210E+06
1.922E+03 2.151E+06
1.984E+03 2.085E+06
2.046E+03 1.995E+06
2.108E+03 1.860E+06
2.170E+03 1.821E+06
2.232E+03 1.799E+06
2.294E+03 1.728E+06
2.356E+03 1.640E+06
2.418E+03 1.600E+06
2.480E+03 1.521E+06
2.542E+03 1.452E+06
2.604E+03 1.431E+06
2.666E+03 1.386E+06
2.728E+03 1.319E+06
2.790E+03 1.291E+06
2.852E+03 1.228E+06
2.914E+03 1.199E+06
2.976E+03 1.137E+06
3.038E+03 1.141E+06
3.100E+03 1.085E+06
3.162E+03 1.038E+06
3.224E+03 9.991E+05
3.286E+03 9.912E+05
3.348E+03 9.488E+05
3.410E+03 9.049E+05
3.472E+03 8.713E+05
3.534E+03 8.592E+05
3.596E+03 8.167E+05
3.658E+03 8.199E+05
3.720E+03 7.756E+05
3.782E+03 7.501E+05
3.844E+03 7.233E+05
3.906E+03 7.213E+05
3.968E+03 6.928E+05
4.030E+03 6.680E+05
4.092E+03 6.368E+05
4.154E+03 6.082E+05
4.216E+03 5.877E+05
4.278E+03 5.749E+05
4.340E+03 5.557E+05
4.402E+03 5.377E+05
4.464E+03 5.156E+05
4.526E+03 4.960E+05
4.588E+03 4.883E+05
4.650E+03 4.510E+05
4.712E+03 4.375E+05
4.774E+03 4.295E+05
4.836E+03 3.952E+05
4.898E+03 3.847E+05
4.960E+03 3.584E+05
5.022E+03 3.370E+05
5.084E+03 3.147E+05
5.146E+03 2.912E+05
5.208E+03 2.609E+05
5.270E+03 2.445E+05
5.332E+03 2.392E+05
5.394E+03 2.039E+05
5.456E+03 1.932E+05
5.518E+03 1.638E+05
5.580E+03 1.459E+05
5.642E+03 1.217E+05
5.704E+03 1.051E+05
5.766E+03 8.447E+04
5.828E+03 5.080E+04
5.890E+03 1.894E+04
5.952E+03 2.104E+03
6.014E+03 8.562E+02
6.076E+03 0.000E+00