0.000E+00 0.000E+00
6.200E+01 1.550E+06
1.240E+02 4.473E+07
1.860E+02 5.907E+07
2.480E+02 4.695E+07
3.100E+02 3.761E+07
3.720E+02 3.068E+07
4.340E+02 2.570E+07
4.960E+02 2.267E+07
5.580E+02 1.932E+07
6.200E+02 1.671E+07
6.820E+02 1.571E+07
7.440E+02 1.397E+07
8.060E+02 1.244E+07
8.680E+02 1.133E+07
9.300E+02 1.041E+07
9.920E+02 9.500E+06
1.054E+03 8.891E+06
1.116E+03 8.564E+06
1.178E+03 7.924E+06
1.240E+03 6.955E+06
1.302E+03 6.968E+06
1.364E+03 6.360E+06
1.426E+03 6.004E+06
1.488E+03 5.496E+06
1.550E+03 5.286E+06
1.612E+03 4.910E+06
1.674E+03 4.571E+06
1.736E+03 4.524E+06
1.798E+03 4.170E+06
1.860E+03 4.019E+06
1.922E+03 3.939E+06
1.984E+03 3.635E+06
2.046E+03 3.443E+06
2.108E+03 3.299E+06
2.170E+03 3.198E+06
2.232E+03 3.132E+06
2.294E+03 2.976E+06
2.356E+03 2.790E+06
2.418E+03 2.707E+06
2.480E+03 2.520E+06
2.542E+03 2.385E+06
2.604E+03 2.202E+06
2.666E+03 2.204E+06
2.728E+03 2.228E+06
2.790E+03 2.055E+06
2.852E+03 2.060E+06
2.914E+03 1.824E+06
2.976E+03 1.861E+06
3.038E+03 1.786E+06
3.100E+03 1.627E+06
3.162E+03 1.692E+06
3.224E+03 1.494E+06
3.286E+03 1.545E+06
3.348E+03 1.452E+06
3.410E+03 1.400E+06
3.472E+03 1.331E+06
3.534E+03 1.366E+06
3.596E+03 1.227E+06
3.658E+03 1.180E+06
3.720E+03 1.244E+06
3.782E+03 1.083E+06
3.844E+03 1.080E+06
3.906E+03 1.011E+06
3.968E+03 9.810E+05
4.030E+03 9.705E+05
4.092E+03 9.112E+05
4.154E+03 8.553E+05
4.216E+03 7.507E+05
4.278E+03 7.966E+05
4.340E+03 7.730E+05
4.402E+03 6.870E+05
4.464E+03 6.811E+05
4.526E+03 6.597E+05
4.588E+03 6.228E+05
4.650E+03 5.540E+05
4.712E+03 5.847E+05
4.774E+03 5.565E+05
4.836E+03 4.751E+05
4.898E+03 4.650E+05
4.960E+03 4.567E+05
5.022E+03 3.972E+05
5.084E+03 4.076E+05
5.146E+03 3.618E+05
5.208E+03 3.200E+05
5.270E+03 2.869E+05
5.332E+03 2.342E+05
5.394E+03 2.568E+05
5.456E+03 2.359E+05
5.518E+03 1.605E+05
5.580E+03 1.320E+05
5.642E+03 1.274E+05
5.704E+03 1.046E+05
5.766E+03 6.083E+04
5.828E+03 4.209E+04
5.890E+03 1.268E+04
5.952E+03 4.714E+03
6.014E+03 0.000E+00