  9.0000000e+000  0.0000000e+000
  1.0000000e+001  7.4635913e-003
  1.1000000e+001  1.6032303e-001
  1.2000000e+001  1.9826898e+000
  1.3000000e+001  1.3349698e+001
  1.4000000e+001  5.5770705e+001
  1.5000000e+001  2.1693673e+002
  1.6000000e+001  5.5595817e+002
  1.7000000e+001  1.5271788e+003
  1.8000000e+001  3.1448556e+003
  1.9000000e+001  4.9173651e+003
  2.0000000e+001  7.1094849e+003
  2.1000000e+001  9.6307074e+003
  2.2000000e+001  1.2696265e+004
  2.3000000e+001  1.6335340e+004
  2.4000000e+001  2.0520923e+004
  2.5000000e+001  2.4610697e+004
  2.6000000e+001  2.8818704e+004
  2.7000000e+001  3.2646168e+004
  2.8000000e+001  3.6513314e+004
  2.9000000e+001  3.9925938e+004
  3.0000000e+001  4.3293486e+004
  3.1000000e+001  4.5738104e+004
  3.2000000e+001  4.8132435e+004
  3.3000000e+001  5.0091337e+004
  3.4000000e+001  5.2014308e+004
  3.5000000e+001  5.3258602e+004
  3.6000000e+001  5.4287745e+004
  3.7000000e+001  5.4955777e+004
  3.8000000e+001  5.5477528e+004
  3.9000000e+001  5.5837085e+004
  4.0000000e+001  5.6136146e+004
  4.1000000e+001  5.5987431e+004
  4.2000000e+001  5.5748208e+004
  4.3000000e+001  5.5415008e+004
  4.4000000e+001  5.5088669e+004
  4.5000000e+001  5.4439386e+004
  4.6000000e+001  5.3646469e+004
  4.7000000e+001  5.3210919e+004
  4.8000000e+001  5.2734502e+004
  4.9000000e+001  5.1569683e+004
  5.0000000e+001  5.0358724e+004
  5.1000000e+001  4.9394615e+004
  5.2000000e+001  4.8384254e+004
  5.3000000e+001  4.7374614e+004
  5.4000000e+001  4.6327891e+004
  5.5000000e+001  4.5621305e+004
  5.6000000e+001  4.4894614e+004
  5.7000000e+001  6.0728885e+004
  5.8000000e+001  7.6701403e+004
  5.9000000e+001  9.0240576e+004
  6.0000000e+001  1.0377274e+005
  6.1000000e+001  7.4132052e+004
  6.2000000e+001  4.4194743e+004
  6.3000000e+001  3.9987686e+004
  6.4000000e+001  3.5731599e+004
  6.5000000e+001  3.4733870e+004
  6.6000000e+001  3.3625235e+004
  6.7000000e+001  4.3773711e+004
  6.8000000e+001  5.3963218e+004
  6.9000000e+001  4.4131738e+004
  7.0000000e+001  3.4016072e+004
  7.1000000e+001  2.8910613e+004
  7.2000000e+001  2.3799798e+004
  7.3000000e+001  2.2704307e+004
  7.4000000e+001  2.1517872e+004
  7.5000000e+001  2.1156675e+004
  7.6000000e+001  2.0851734e+004
  7.7000000e+001  2.0222728e+004
  7.8000000e+001  1.9498963e+004
  7.9000000e+001  1.9031065e+004
  8.0000000e+001  1.8293920e+004
  8.1000000e+001  1.7793583e+004
  8.2000000e+001  1.6981033e+004
  8.3000000e+001  1.6871817e+004
  8.4000000e+001  1.6281654e+004
  8.5000000e+001  1.5647644e+004
  8.6000000e+001  1.5007519e+004
  8.7000000e+001  1.4663493e+004
  8.8000000e+001  1.4327861e+004
  8.9000000e+001  1.3713042e+004
  9.0000000e+001  1.3091992e+004
  9.1000000e+001  1.2598984e+004
  9.2000000e+001  1.2092061e+004
  9.3000000e+001  1.1555572e+004
  9.4000000e+001  1.0973111e+004
  9.5000000e+001  1.0510109e+004
  9.6000000e+001  1.0049356e+004
  9.7000000e+001  9.6783435e+003
  9.8000000e+001  9.3112130e+003
  9.9000000e+001  8.8589407e+003
  1.0000000e+002  8.4060726e+003
  1.0100000e+002  8.0262547e+003
  1.0200000e+002  7.6320218e+003
  1.0300000e+002  7.1831000e+003
  1.0400000e+002  6.6758829e+003
  1.0500000e+002  6.2725064e+003
  1.0600000e+002  5.8762351e+003
  1.0700000e+002  5.4096955e+003
  1.0800000e+002  4.9526931e+003
  1.0900000e+002  4.5558148e+003
  1.1000000e+002  4.1351029e+003
  1.1100000e+002  3.6993340e+003
  1.1200000e+002  3.2765608e+003
  1.1300000e+002  2.9600396e+003
  1.1400000e+002  2.6702450e+003
  1.1500000e+002  2.2423207e+003
  1.1600000e+002  1.7796840e+003
  1.1700000e+002  1.4356279e+003
  1.1800000e+002  1.0785215e+003
  1.1900000e+002  7.2685643e+002
  1.2000000e+002  0.0000000e+000
