  9.0000000e+000  0.0000000e+000
  1.0000000e+001  1.5912840e-030
  1.1000000e+001  2.4775003e-023
  1.2000000e+001  1.9567971e-017
  1.3000000e+001  8.3518610e-013
  1.4000000e+001  2.4926420e-009
  1.5000000e+001  8.7952420e-007
  1.6000000e+001  5.7451800e-005
  1.7000000e+001  2.3344824e-003
  1.8000000e+001  4.2182032e-002
  1.9000000e+001  3.5046064e-001
  2.0000000e+001  1.6663773e+000
  2.1000000e+001  5.6253184e+000
  2.2000000e+001  1.6953840e+001
  2.3000000e+001  4.5870488e+001
  2.4000000e+001  1.1184125e+002
  2.5000000e+001  2.4103893e+002
  2.6000000e+001  4.7111351e+002
  2.7000000e+001  8.2998887e+002
  2.8000000e+001  1.3494376e+003
  2.9000000e+001  2.0107433e+003
  3.0000000e+001  2.7954061e+003
  3.1000000e+001  3.6393661e+003
  3.2000000e+001  4.6297284e+003
  3.3000000e+001  5.7199344e+003
  3.4000000e+001  6.9326374e+003
  3.5000000e+001  8.1551961e+003
  3.6000000e+001  9.4107120e+003
  3.7000000e+001  1.0639038e+004
  3.8000000e+001  1.1845751e+004
  3.9000000e+001  1.3001639e+004
  4.0000000e+001  1.4109334e+004
  4.1000000e+001  1.5076632e+004
  4.2000000e+001  1.6000239e+004
  4.3000000e+001  1.6867164e+004
  4.4000000e+001  1.7699460e+004
  4.5000000e+001  1.8381653e+004
  4.6000000e+001  1.8957088e+004
  4.7000000e+001  1.9602569e+004
  4.8000000e+001  2.0180785e+004
  4.9000000e+001  2.0432092e+004
  5.0000000e+001  2.0594420e+004
  5.1000000e+001  2.0803185e+004
  5.2000000e+001  2.0950855e+004
  5.3000000e+001  2.1056396e+004
  5.4000000e+001  2.1100030e+004
  5.5000000e+001  2.1257081e+004
  5.6000000e+001  2.1364741e+004
  5.7000000e+001  2.9467159e+004
  5.8000000e+001  3.7885102e+004
  5.9000000e+001  4.5296150e+004
  6.0000000e+001  5.2846912e+004
  6.1000000e+001  3.8259965e+004
  6.2000000e+001  2.3104702e+004
  6.3000000e+001  2.1166390e+004
  6.4000000e+001  1.9140942e+004
  6.5000000e+001  1.8821029e+004
  6.6000000e+001  1.8422347e+004
  6.7000000e+001  2.4237176e+004
  6.8000000e+001  3.0183956e+004
  6.9000000e+001  2.4925802e+004
  7.0000000e+001  1.9392004e+004
  7.1000000e+001  1.6628648e+004
  7.2000000e+001  1.3805916e+004
  7.3000000e+001  1.3277403e+004
  7.4000000e+001  1.2680851e+004
  7.5000000e+001  1.2559792e+004
  7.6000000e+001  1.2465059e+004
  7.7000000e+001  1.2169181e+004
  7.8000000e+001  1.1807129e+004
  7.9000000e+001  1.1592028e+004
  8.0000000e+001  1.1205183e+004
  8.1000000e+001  1.0956854e+004
  8.2000000e+001  1.0510237e+004
  8.3000000e+001  1.0494770e+004
  8.4000000e+001  1.0176498e+004
  8.5000000e+001  9.8257054e+003
  8.6000000e+001  9.4659627e+003
  8.7000000e+001  9.2890463e+003
  8.8000000e+001  9.1142091e+003
  8.9000000e+001  8.7581443e+003
  9.0000000e+001  8.3938534e+003
  9.1000000e+001  8.1076447e+003
  9.2000000e+001  7.8090774e+003
  9.3000000e+001  7.4882153e+003
  9.4000000e+001  7.1339535e+003
  9.5000000e+001  6.8542201e+003
  9.6000000e+001  6.5733485e+003
  9.7000000e+001  6.3486842e+003
  9.8000000e+001  6.1243492e+003
  9.9000000e+001  5.8418946e+003
  1.0000000e+002  5.5568741e+003
  1.0100000e+002  5.3183100e+003
  1.0200000e+002  5.0687691e+003
  1.0300000e+002  4.7815255e+003
  1.0400000e+002  4.4538319e+003
  1.0500000e+002  4.1939787e+003
  1.0600000e+002  3.9375236e+003
  1.0700000e+002  3.6325754e+003
  1.0800000e+002  3.3326559e+003
  1.0900000e+002  3.0719336e+003
  1.1000000e+002  2.7938117e+003
  1.1100000e+002  2.5043754e+003
  1.1200000e+002  2.2224811e+003
  1.1300000e+002  2.0115935e+003
  1.1400000e+002  1.8180953e+003
  1.1500000e+002  1.5295176e+003
  1.1600000e+002  1.2161604e+003
  1.1700000e+002  9.8278829e+002
  1.1800000e+002  7.3961624e+002
  1.1900000e+002  4.9931577e+002
  1.2000000e+002  0.0000000e+000
