2.700e+01 0.000e+00
5.400e+01 1.316e+05
8.100e+01 2.036e+06
1.080e+02 2.718e+06
1.350e+02 2.415e+06
1.620e+02 2.102e+06
1.890e+02 1.832e+06
2.160e+02 1.563e+06
2.430e+02 1.349e+06
2.700e+02 1.216e+06
2.970e+02 1.064e+06
3.240e+02 9.426e+05
3.510e+02 8.372e+05
3.780e+02 7.657e+05
4.050e+02 7.165e+05
4.320e+02 6.519e+05
4.590e+02 5.988e+05
4.860e+02 5.323e+05
5.130e+02 4.943e+05
5.400e+02 4.416e+05
5.670e+02 4.142e+05
5.940e+02 3.901e+05
6.210e+02 3.645e+05
6.480e+02 3.462e+05
6.750e+02 3.253e+05
7.020e+02 2.865e+05
7.290e+02 2.708e+05
7.560e+02 2.639e+05
7.830e+02 2.595e+05
8.100e+02 2.452e+05
8.370e+02 2.198e+05
8.640e+02 2.145e+05
8.910e+02 1.969e+05
9.180e+02 1.918e+05
9.450e+02 1.782e+05
9.720e+02 1.685e+05
9.990e+02 1.665e+05
1.026e+03 1.495e+05
1.053e+03 1.478e+05
1.080e+03 1.405e+05
1.107e+03 1.276e+05
1.134e+03 1.264e+05
1.161e+03 1.226e+05
1.188e+03 1.151e+05
1.215e+03 1.068e+05
1.242e+03 1.064e+05
1.269e+03 9.108e+04
1.296e+03 8.980e+04
1.323e+03 8.410e+04
1.350e+03 8.623e+04
1.377e+03 7.583e+04
1.404e+03 7.763e+04
1.431e+03 6.626e+04
1.458e+03 6.513e+04
1.485e+03 6.507e+04
1.512e+03 6.396e+04
1.539e+03 5.860e+04
1.566e+03 5.237e+04
1.593e+03 5.266e+04
1.620e+03 5.654e+04
1.647e+03 4.706e+04
1.674e+03 4.863e+04
1.701e+03 4.375e+04
1.728e+03 4.470e+04
1.755e+03 3.482e+04
1.782e+03 3.537e+04
1.809e+03 3.413e+04
1.836e+03 3.046e+04
1.863e+03 2.812e+04
1.890e+03 2.634e+04
1.917e+03 2.475e+04
1.944e+03 2.423e+04
1.971e+03 2.283e+04
1.998e+03 2.180e+04
2.025e+03 1.853e+04
2.052e+03 1.690e+04
2.079e+03 1.555e+04
2.106e+03 1.271e+04
2.133e+03 1.218e+04
2.160e+03 1.033e+04
2.187e+03 8.453e+03
2.214e+03 9.368e+03
2.241e+03 6.790e+03
2.268e+03 5.251e+03
2.295e+03 4.206e+03
2.322e+03 4.044e+03
2.349e+03 3.249e+03
2.376e+03 8.548e+02
2.403e+03 1.026e+03
2.430e+03 4.560e+02
2.457e+03 2.748e+02
2.484e+03 3.628e+02
2.511e+03 0.000e+00