2.700e+001 0.0000000e+000
5.400e+001 1.0020802e+003
8.100e+001 1.2773548e+003
1.080e+002 5.8329175e+004
1.350e+002 2.2968024e+005
1.620e+002 5.4975466e+005
1.890e+002 7.2567290e+005
2.160e+002 7.8723985e+005
2.430e+002 7.6608936e+005
2.700e+002 7.7861084e+005
2.970e+002 7.6815328e+005
3.240e+002 7.1093720e+005
3.510e+002 6.5341685e+005
3.780e+002 6.1841080e+005
4.050e+002 5.9660486e+005
4.320e+002 5.5060630e+005
4.590e+002 5.1301680e+005
4.860e+002 4.6258960e+005
5.130e+002 4.3430235e+005
5.400e+002 3.9089090e+005
5.670e+002 3.6936992e+005
5.940e+002 3.5047118e+005
6.210e+002 3.2896587e+005
6.480e+002 3.1361784e+005
6.750e+002 2.9578636e+005
7.020e+002 2.6148037e+005
7.290e+002 2.4807529e+005
7.560e+002 2.4265801e+005
7.830e+002 2.3950412e+005
8.100e+002 2.2699681e+005
8.370e+002 2.0386667e+005
8.640e+002 1.9932652e+005
8.910e+002 1.8331700e+005
9.180e+002 1.7890599e+005
9.450e+002 1.6653412e+005
9.720e+002 1.5776645e+005
9.990e+002 1.5618821e+005
1.026e+003 1.4039747e+005
1.053e+003 1.3895164e+005
1.080e+003 1.3223206e+005
1.107e+003 1.2022154e+005
1.134e+003 1.1922021e+005
1.161e+003 1.1576158e+005
1.188e+003 1.0879789e+005
1.215e+003 1.0106193e+005
1.242e+003 1.0079271e+005
1.269e+003 8.6344349e+004
1.296e+003 8.5182111e+004
1.323e+003 7.9823216e+004
1.350e+003 8.1894130e+004
1.377e+003 7.2060390e+004
1.404e+003 7.3815285e+004
1.431e+003 6.3041902e+004
1.458e+003 6.2004058e+004
1.485e+003 6.1984201e+004
1.512e+003 6.0955202e+004
1.539e+003 5.5863515e+004
1.566e+003 4.9939194e+004
1.593e+003 5.0230573e+004
1.620e+003 5.3947509e+004
1.647e+003 4.4915458e+004
1.674e+003 4.6427628e+004
1.701e+003 4.1780978e+004
1.728e+003 4.2700837e+004
1.755e+003 3.3272540e+004
1.782e+003 3.3808084e+004
1.809e+003 3.2632482e+004
1.836e+003 2.9132117e+004
1.863e+003 2.6902075e+004
1.890e+003 2.5206616e+004
1.917e+003 2.3692031e+004
1.944e+003 2.3201113e+004
1.971e+003 2.1867022e+004
1.998e+003 2.0886638e+004
2.025e+003 1.7755564e+004
2.052e+003 1.6195199e+004
2.079e+003 1.4902889e+004
2.106e+003 1.2182212e+004
2.133e+003 1.1675309e+004
2.160e+003 9.9028895e+003
2.187e+003 8.1042530e+003
2.214e+003 8.9823405e+003
2.241e+003 6.5110783e+003
2.268e+003 5.0357675e+003
2.295e+003 4.0339771e+003
2.322e+003 3.8789646e+003
2.349e+003 3.1166992e+003
2.376e+003 8.2006864e+002
2.403e+003 9.8440443e+002
2.430e+003 4.3755389e+002
2.457e+003 2.6370839e+002
2.484e+003 3.4818897e+002
2.511e+003 0.0000000e+000
