2.700e+001 0.0000000e+000
5.400e+001 7.6304307e+000
8.100e+001 8.0139258e-001
1.080e+002 1.2517633e+003
1.350e+002 2.1843897e+004
1.620e+002 1.4378220e+005
1.890e+002 2.8744605e+005
2.160e+002 3.9651093e+005
2.430e+002 4.3505776e+005
2.700e+002 4.9854839e+005
2.970e+002 5.5456717e+005
3.240e+002 5.3621016e+005
3.510e+002 5.0997800e+005
3.780e+002 4.9945398e+005
4.050e+002 4.9677231e+005
4.320e+002 4.6505185e+005
4.590e+002 4.3952278e+005
4.860e+002 4.0200853e+005
5.130e+002 3.8158715e+005
5.400e+002 3.4600475e+005
5.670e+002 3.2939192e+005
5.940e+002 3.1486810e+005
6.210e+002 2.9689586e+005
6.480e+002 2.8410210e+005
6.750e+002 2.6895042e+005
7.020e+002 2.3864567e+005
7.290e+002 2.2725757e+005
7.560e+002 2.2312584e+005
7.830e+002 2.2104903e+005
8.100e+002 2.1014499e+005
8.370e+002 1.8908834e+005
8.640e+002 1.8522639e+005
8.910e+002 1.7067101e+005
9.180e+002 1.6687879e+005
9.450e+002 1.5563194e+005
9.720e+002 1.4771664e+005
9.990e+002 1.4651505e+005
1.026e+003 1.3184915e+005
1.053e+003 1.3063301e+005
1.080e+003 1.2445066e+005
1.107e+003 1.1326974e+005
1.134e+003 1.1244824e+005
1.161e+003 1.0930459e+005
1.188e+003 1.0284084e+005
1.215e+003 9.5632148e+004
1.242e+003 9.5480931e+004
1.269e+003 8.1854926e+004
1.296e+003 8.0801693e+004
1.323e+003 7.5763921e+004
1.350e+003 7.7776279e+004
1.377e+003 6.8478172e+004
1.404e+003 7.0188023e+004
1.431e+003 5.9980100e+004
1.458e+003 5.9028148e+004
1.485e+003 5.9044739e+004
1.512e+003 5.8091568e+004
1.539e+003 5.3254817e+004
1.566e+003 4.7621217e+004
1.593e+003 4.7913225e+004
1.620e+003 5.1473890e+004
1.647e+003 4.2868644e+004
1.674e+003 4.4324999e+004
1.701e+003 3.9900575e+004
1.728e+003 4.0791085e+004
1.755e+003 3.1793851e+004
1.782e+003 3.2315142e+004
1.809e+003 3.1200671e+004
1.836e+003 2.7862121e+004
1.863e+003 2.5736900e+004
1.890e+003 2.4122001e+004
1.917e+003 2.2679287e+004
1.944e+003 2.2215917e+004
1.971e+003 2.0944663e+004
1.998e+003 2.0011544e+004
2.025e+003 1.7013495e+004
2.052e+003 1.5519790e+004
2.079e+003 1.4282708e+004
2.106e+003 1.1676340e+004
2.133e+003 1.1191531e+004
2.160e+003 9.4934386e+003
2.187e+003 7.7698943e+003
2.214e+003 8.6125577e+003
2.241e+003 6.2436142e+003
2.268e+003 4.8293571e+003
2.295e+003 3.8689898e+003
2.322e+003 3.7206643e+003
2.349e+003 2.9897858e+003
2.376e+003 7.8674844e+002
2.403e+003 9.4449521e+002
2.430e+003 4.1985397e+002
2.457e+003 2.5306446e+002
2.484e+003 3.3416637e+002
2.511e+003 0.0000000e+000
