2.700e+001 0.0000000e+000
1.084e+002 7.3006000e+006
1.975e+002 6.8460000e+006
3.063e+002 4.0598000e+006
4.157e+002 2.7329000e+006
5.236e+002 1.8824000e+006
6.325e+002 1.4261000e+006
7.414e+002 1.0807000e+006
8.482e+002 8.7640000e+005
9.569e+002 7.0500000e+005
1.065e+003 5.6540000e+005
1.173e+003 4.7090000e+005
1.280e+003 3.7138000e+005
1.388e+003 3.0595000e+005
1.497e+003 2.5276000e+005
1.606e+003 2.0863000e+005
1.711e+003 1.7190000e+005
1.820e+003 1.2808000e+005
1.929e+003 9.8150000e+004
2.035e+003 7.2780000e+004
2.142e+003 4.3673000e+004
2.246e+003 2.5615000e+004
2.346e+003 9.1738000e+003
2.455e+003 1.0936000e+003
2.511e+003 0.0000000e+000
