0.000e+000 0.0000000e+000
1.856e+002 1.5230000e+008
3.898e+002 1.1666000e+008
6.430e+002 6.5710000e+007
8.921e+002 4.3680000e+007
1.141e+003 3.2334000e+007
1.389e+003 2.4828000e+007
1.639e+003 1.9291000e+007
1.888e+003 1.5763000e+007
2.137e+003 1.3072000e+007
2.383e+003 1.0993000e+007
2.633e+003 9.0190000e+006
2.880e+003 7.8000000e+006
3.127e+003 6.5990000e+006
3.375e+003 5.7280000e+006
3.624e+003 5.0170000e+006
3.872e+003 4.1550000e+006
4.117e+003 3.4877000e+006
4.366e+003 2.9377000e+006
4.615e+003 2.4212000e+006
4.862e+003 1.9533000e+006
5.109e+003 1.4866000e+006
5.359e+003 1.0138000e+006
5.601e+003 5.2450000e+005
5.808e+003 1.2031400e+005
6.014e+003 0.0000000e+000
