2.700e+001 0.0000000e+000
1.335e+002 2.3104092e+004
2.130e+002 1.2627969e+006
3.106e+002 2.0993037e+006
4.170e+002 1.9008009e+006
5.242e+002 1.4589923e+006
6.328e+002 1.1648165e+006
7.417e+002 9.1007810e+005
8.483e+002 7.5513073e+005
9.570e+002 6.1674242e+005
1.065e+003 5.0020256e+005
1.173e+003 4.2022582e+005
1.280e+003 3.3390147e+005
1.388e+003 2.7642257e+005
1.497e+003 2.2941927e+005
1.606e+003 1.8987698e+005
1.711e+003 1.5681051e+005
1.820e+003 1.1711483e+005
1.929e+003 8.9961867e+004
2.035e+003 6.6827538e+004
2.142e+003 4.0131204e+004
2.246e+003 2.3554519e+004
2.346e+003 8.4416937e+003
2.455e+003 1.0070848e+003
2.511e+003 0.0000000e+000
