2.700e+001 0.0000000e+000
1.291e+002 2.9028885e+005
2.059e+002 2.8287568e+006
3.085e+002 2.9111182e+006
4.164e+002 2.2786388e+006
5.239e+002 1.6571528e+006
6.326e+002 1.2888412e+006
7.415e+002 9.9171778e+005
8.483e+002 8.1350699e+005
9.569e+002 6.5939476e+005
1.065e+003 5.3180271e+005
1.173e+003 4.4484160e+005
1.280e+003 3.5214239e+005
1.388e+003 2.9081171e+005
1.497e+003 2.4080698e+005
1.606e+003 1.9903273e+005
1.711e+003 1.6418198e+005
1.820e+003 1.2247476e+005
1.929e+003 9.3966783e+004
2.035e+003 6.9740291e+004
2.142e+003 4.1864663e+004
2.246e+003 2.4563163e+004
2.346e+003 8.8001369e+003
2.455e+003 1.0494512e+003
2.511e+003 0.0000000e+000
