6.200e+001 0.0000000e+000
2.722e+002 9.6230600e+006
4.650e+002 2.2517000e+007
7.093e+002 1.9593000e+007
9.578e+002 1.6166000e+007
1.205e+003 1.3702000e+007
1.454e+003 1.1628000e+007
1.701e+003 9.8250000e+006
1.950e+003 8.4410000e+006
2.199e+003 7.2080000e+006
2.446e+003 6.2130000e+006
2.694e+003 5.4270000e+006
2.943e+003 4.7050000e+006
3.191e+003 4.1133000e+006
3.438e+003 3.5842000e+006
3.687e+003 3.1623000e+006
3.935e+003 2.8054000e+006
4.182e+003 2.4076000e+006
4.430e+003 2.1050000e+006
4.678e+003 1.8063000e+006
4.925e+003 1.4753000e+006
5.170e+003 1.1113000e+006
5.416e+003 8.0010000e+005
5.659e+003 4.5717000e+005
5.850e+003 7.2700200e+004
6.076e+003 0.0000000e+000
