9.000e+000 0.0000000e+000
1.285e+001 1.5500174e+001
1.651e+001 2.3558444e+003
1.994e+001 2.4802413e+004
2.377e+001 7.4163225e+004
2.763e+001 1.3790412e+005
3.156e+001 1.8725536e+005
3.552e+001 2.1451643e+005
3.950e+001 2.2343819e+005
4.349e+001 2.2069127e+005
4.748e+001 2.1116157e+005
5.147e+001 1.9551221e+005
5.561e+001 1.9757270e+005
5.951e+001 3.4484677e+005
6.339e+001 1.5464790e+005
6.762e+001 1.7549390e+005
7.132e+001 1.0943079e+005
7.547e+001 8.3749009e+004
7.946e+001 7.4617531e+004
8.347e+001 6.5782148e+004
8.746e+001 5.7711915e+004
9.145e+001 4.9338609e+004
9.545e+001 4.1210920e+004
9.944e+001 3.4602481e+004
1.034e+002 2.7763511e+004
1.074e+002 2.0794439e+004
1.114e+002 1.4071037e+004
1.152e+002 8.1278776e+003
1.184e+002 1.8053779e+003
1.200e+002 0.0000000e+000
