	 8           0
         9     40937.2
        10      425266
        11  1.4914e+006
        12  5.59675e+006
        13  1.48266e+007
        14  3.5675e+007
        15  6.74817e+007
        16  1.14378e+008
        17  1.72327e+008
        18  2.23601e+008
        19  2.85862e+008
        20  3.33882e+008
        21  3.88251e+008
        22  4.23693e+008
        23  4.61453e+008
        24  4.79858e+008
        25  4.91932e+008
        26  4.92539e+008
        27  4.90338e+008
        28  4.81539e+008
        29  4.71644e+008
        30  4.6087e+008
        31  4.42848e+008
        32  4.15604e+008
        33  3.87342e+008
        34  3.56699e+008
        35  3.23514e+008
        36  2.87172e+008
        37  2.49114e+008
        38  2.21432e+008
        39  1.9348e+008
        40  1.74196e+008
        41  1.40685e+008
        42  1.04489e+008
        43  7.08109e+007
        44  3.32238e+007
        45           0
        46           0