	 8           0
         9       49650
        10      259043
        11      948262
        12  2.25392e+006
        13  4.38526e+006
        14  1.01559e+007
        15  1.8002e+007
        16  3.63927e+007
        17  5.86266e+007
        18  7.6324e+007
        19  9.67989e+007
        20  1.18243e+008
        21  1.41949e+008
        22  1.68951e+008
        23  1.9786e+008
        24  2.22734e+008
        25  2.46787e+008
        26  2.66543e+008
        27  2.86337e+008
        28  3.03071e+008
        29  3.20224e+008
        30  3.3126e+008
        31  3.42115e+008
        32  3.49775e+008
        33  3.5748e+008
        34  3.61065e+008
        35  3.63676e+008
        36  3.64007e+008
        37  3.63856e+008
        38  3.63007e+008
        39  3.62153e+008
        40  3.58665e+008
        41  3.54875e+008
        42  3.5082e+008
        43  3.47017e+008
        44  3.41654e+008
        45  3.35641e+008
        46  3.31391e+008
        47  3.27059e+008
        48  3.19142e+008
        49  3.11109e+008
        50  3.04464e+008
        51  2.9762e+008
        52  2.9092e+008
        53  2.84096e+008
        54  2.79238e+008
        55  2.74334e+008
        56  3.78969e+008
        57  4.84133e+008
        58  5.73203e+008
        59  6.62103e+008
        60  4.67765e+008
        61  2.72206e+008
        62  2.44961e+008
        63  2.17509e+008
        64  2.11156e+008
        65  2.04203e+008
        66  2.70571e+008
        67  3.3707e+008
        68  2.74921e+008
        69  2.11259e+008
        70  1.77314e+008
        71  1.43435e+008
        72  1.36837e+008
        73  1.29733e+008
        74  1.27857e+008
        75  1.26295e+008
        76  1.22699e+008
        77  1.18577e+008
        78  1.1587e+008
        79  1.11675e+008
        80  1.08996e+008
        81  1.04619e+008
        82  1.0368e+008
        83  9.9789e+007
        84  9.63174e+007
        85  9.28224e+007
        86  9.08142e+007
        87  8.88494e+007
        88  8.53882e+007
        89  8.18975e+007
        90  7.93316e+007
        91  7.67037e+007
        92  7.38136e+007
        93  7.06745e+007
        94  6.80167e+007
        95  6.53718e+007
        96  6.30622e+007
        97  6.07764e+007
        98  5.8524e+007
        99  5.62662e+007
       100  5.38304e+007
       101  5.13233e+007
       102  4.93115e+007
       103  4.68529e+007
       104  4.43705e+007
       105  4.19391e+007
       106  3.92711e+007
       107  3.66488e+007
       108  3.44614e+007
       109  3.21455e+007
       110  2.95263e+007
       111  2.69234e+007
       112  2.57854e+007
       113  2.45916e+007
       114  2.19896e+007
       115  1.91075e+007
       116  1.74562e+007
       117  1.5845e+007
       118  1.39933e+007
       119  1.19465e+007
       120  1.02482e+007
       121  7.92872e+006
       122  5.66226e+006
       123  4.13421e+006
       124  2.401e+006
       125      530986
       126           0