	 8           0
         9     47923.7
        10      329114
        11      994086
        12  3.56245e+006
        13  8.8389e+006
        14  2.2279e+007
        15  4.21312e+007
        16  7.73937e+007
        17  1.21004e+008
        18  1.57852e+008
        19  2.01971e+008
        20  2.41877e+008
        21  2.86952e+008
        22  3.24147e+008
        23  3.64305e+008
        24  3.9496e+008
        25  4.2252e+008
        26  4.43146e+008
        27  4.63008e+008
        28  4.66967e+008
        29  4.70877e+008
        30  4.68515e+008
        31  4.66962e+008
        32  4.58308e+008
        33  4.49338e+008
        34  4.38327e+008
        35  4.258e+008
        36  4.11277e+008
        37  3.96117e+008
        38  3.80514e+008
        39  3.64051e+008
        40  3.49491e+008
        41  3.33336e+008
        42  3.1006e+008
        43  2.87596e+008
        44  2.72939e+008
        45  2.57554e+008
        46  2.35613e+008
        47  2.13662e+008
        48  1.99045e+008
        49  1.83795e+008
        50  1.69359e+008
        51  1.50803e+008
        52  1.33753e+008
        53  1.16341e+008
        54  9.85355e+007
        55  8.15361e+007
        56  5.92077e+007
        57  4.06455e+007
        58  2.50004e+007
        59  9.76474e+006
        60  1.9109e+006
        61           0