	 8           0
         9     49774.3
        10      225604
        11      671159
        12  2.48864e+006
        13  5.94715e+006
        14  1.52522e+007
        15  2.86144e+007
        16  5.65114e+007
        17  9.09549e+007
        18  1.18199e+008
        19  1.50396e+008
        20  1.83291e+008
        21  2.20209e+008
        22  2.53759e+008
        23  2.89983e+008
        24  3.20815e+008
        25  3.49897e+008
        26  3.73531e+008
        27  3.97015e+008
        28  4.08794e+008
        29  4.20884e+008
        30  4.25037e+008
        31  4.30311e+008
        32  4.31319e+008
        33  4.32245e+008
        34  4.29428e+008
        35  4.25325e+008
        36  4.2003e+008
        37  4.1422e+008
        38  4.06587e+008
        39  3.98476e+008
        40  3.89221e+008
        41  3.80572e+008
        42  3.67314e+008
        43  3.54411e+008
        44  3.45512e+008
        45  3.36129e+008
        46  3.24909e+008
        47  3.13662e+008
        48  3.02973e+008
        49  2.91931e+008
        50  2.7987e+008
        51  2.67453e+008
        52  2.56374e+008
        53  2.45059e+008
        54  2.33486e+008
        55  2.21858e+008
        56  2.27528e+008
        57  2.33701e+008
        58  2.38443e+008
        59  2.42431e+008
        60  2.04357e+008
        61  1.6464e+008
        62  1.52319e+008
        63  1.3964e+008
        64  1.31125e+008
        65  1.21574e+008
        66  1.19871e+008
        67  1.18435e+008
        68  1.05874e+008
        69  8.96203e+007
        70  7.55938e+007
        71  6.17096e+007
        72  5.4855e+007
        73  4.69554e+007
        74  4.01636e+007
        75  3.42641e+007
        76  2.74334e+007
        77  1.97287e+007
        78  1.26793e+007
        79  2.51842e+006
        80      109798
        81           0