1.00000e+000 6.433e+003 6.414e+003
1.04695e+000 6.015e+003 5.997e+003
1.09610e+000 5.603e+003 5.587e+003
1.09610e+000 5.713e+003 5.696e+003
1.50000e+000 2.711e+003 2.698e+003
2.00000e+000 1.402e+003 1.392e+003
2.29490e+000 1.096e+003 1.087e+003
2.29490e+000 1.154e+003 1.143e+003
2.33947e+000 1.338e+003 1.320e+003
2.38490e+000 1.687e+003 1.658e+003
2.38490e+000 1.769e+003 1.738e+003
2.60577e+000 1.626e+003 1.594e+003
2.84710e+000 1.412e+003 1.384e+003
2.84710e+000 1.572e+003 1.541e+003
3.00000e+000 1.352e+003 1.325e+003
3.27850e+000 1.096e+003 1.074e+003
3.27850e+000 1.148e+003 1.124e+003
3.35110e+000 1.090e+003 1.068e+003
3.35110e+000 1.329e+003 1.294e+003
3.41712e+000 1.268e+003 1.234e+003
3.43632e+000 1.252e+003 1.218e+003
3.52370e+000 1.178e+003 1.149e+003
3.52370e+000 1.292e+003 1.256e+003
3.56160e+000 1.259e+003 1.224e+003
3.56160e+000 1.290e+003 1.254e+003
3.66203e+000 1.213e+003 1.179e+003
3.80580e+000 1.106e+003 1.076e+003
3.80580e+000 1.156e+003 1.123e+003
3.92880e+000 1.066e+003 1.036e+003
3.92880e+000 1.146e+003 1.111e+003
4.00000e+000 1.099e+003 1.065e+003
4.15610e+000 1.022e+003 9.910e+002
4.15610e+000 1.061e+003 1.027e+003
4.30764e+000 9.868e+002 9.553e+002
4.46470e+000 9.101e+002 8.817e+002
4.46470e+000 9.291e+002 8.995e+002
5.00000e+000 6.720e+002 6.513e+002
6.00000e+000 4.242e+002 4.111e+002
8.00000e+000 2.032e+002 1.960e+002
8.97890e+000 1.593e+002 1.532e+002
8.97890e+000 1.833e+002 1.678e+002
1.00000e+001 1.328e+002 1.213e+002
1.22839e+001 8.641e+001 7.832e+001
1.22839e+001 1.391e+002 1.161e+002
1.32113e+001 1.145e+002 9.639e+001
1.42087e+001 9.223e+001 7.822e+001
1.42087e+001 1.149e+002 9.273e+001
1.45206e+001 1.125e+002 8.735e+001
1.48393e+001 1.008e+002 8.171e+001
1.48393e+001 1.122e+002 9.006e+001
1.50000e+001 1.083e+002 8.708e+001
2.00000e+001 5.174e+001 4.319e+001
2.55140e+001 3.247e+001 2.720e+001
2.55140e+001 4.485e+001 3.038e+001
2.92001e+001 2.941e+001 2.038e+001
2.92001e+001 3.406e+001 2.146e+001
3.00000e+001 3.056e+001 1.940e+001
4.00000e+001 1.436e+001 1.006e+001
5.00000e+001 7.954e+000 5.838e+000
6.00000e+001 4.911e+000 3.679e+000
8.00000e+001 2.315e+000 1.735e+000
8.31023e+001 2.132e+000 1.589e+000
8.31023e+001 5.336e+000 1.978e+000
1.00000e+002 3.300e+000 1.492e+000
1.50000e+002 1.202e+000 6.796e-001
2.00000e+002 6.110e-001 3.620e-001
3.00000e+002 2.663e-001 1.513e-001
4.00000e+002 1.662e-001 8.797e-002
5.00000e+002 1.235e-001 6.198e-002
6.00000e+002 1.007e-001 4.899e-002
8.00000e+002 7.693e-002 3.667e-002
1.00000e+003 6.439e-002 3.086e-002
1.25000e+003 5.504e-002 2.675e-002
1.50000e+003 4.956e-002 2.441e-002
2.00000e+003 4.379e-002 2.233e-002
3.00000e+003 3.956e-002 2.184e-002
4.00000e+003 3.854e-002 2.270e-002
5.00000e+003 3.868e-002 2.383e-002
6.00000e+003 3.930e-002 2.496e-002
8.00000e+003 4.118e-002 2.697e-002
1.00000e+004 4.333e-002 2.859e-002
1.50000e+004 4.847e-002 3.118e-002
2.00000e+004 5.268e-002 3.230e-002